Вывод значений узлов по прямому обходу:
30260 20346 19801 8318 9945 21719 26824
Матрица со значениями из дерева поиска:
30260 -2 -2 -2 -2 -2 -2 -2 -2 -2 -2 -2 -2 -2 -2 -2
20346 -1 -2 -2 -2 -2 -2 -2 -2 -2 -2 -2 -2 -2 -2 -2
19801 21719 -1 -1 -2 -2 -2 -2 -2 -2 -2 -2 -2 -2 -2 -2
8318 -1 -1 26824 -1 -1 -1 -1 -2 -2 -2 -2 -2 -2 -2 -2
-1 9945 -1 -1 -1 -1 -1 -1 -1 -1 -1 -1 -1 -1 -1 -1
Вертикальная визуализация:
                                                                                             30260                                                                                              
                                             20346                                                                                                                                              
                     19801                                           21719                                                                                                                      
          8318                                                                   26824                                                                                                          
                9945                                                                                                                                                                            